0
SECTION
2
HEADER
9
$DIMASZ
40
0.164171
9
$DIMEXO
40
0.032834
9
$DIMGAP
40
0.032834
9
$DIMTXT
40
0.164171
0
ENDSEC
0
SECTION
2
BLOCKS
0
BLOCK
5
414
8
0
2
_D1
70
0
10
0.000000
20
0.000000
30
0.000000
3
_D1
1

0
ENDBLK
5
414
8
0
0
ENDSEC
0
SECTION
2
ENTITIES
0
LINE
8
0
6
CONTINUOUS
10
0.000000
20
0.000000
11
0.000000
21
6.900000
0
ARC
8
0
6
CONTINUOUS
10
0.100000
20
6.900000
40
0.100000
50
90.000000
51
180.000000
0
ARC
8
0
6
CONTINUOUS
10
0.100000
20
6.900000
40
0.100000
50
0.000000
51
90.000000
0
LINE
8
0
6
CONTINUOUS
10
0.200000
20
6.900000
11
0.200000
21
3.880171
0
ARC
8
0
6
CONTINUOUS
10
0.300000
20
3.880171
40
0.100000
50
180.000000
51
309.805570
0
LINE
8
0
6
CONTINUOUS
10
0.364018
20
3.803349
11
4.123178
21
6.935982
0
ARC
8
0
6
CONTINUOUS
10
4.187196
20
6.859159
40
0.100000
50
39.805570
51
129.805570
0
ARC
8
0
6
CONTINUOUS
10
4.187196
20
6.859159
40
0.100000
50
-50.194430
51
39.805570
0
LINE
8
0
6
CONTINUOUS
10
4.251215
20
6.782337
11
0.617138
21
3.753940
0
ARC
8
0
6
CONTINUOUS
10
0.937230
20
3.369829
40
0.500000
50
129.805570
51
230.194431
0
LINE
8
0
6
CONTINUOUS
10
0.617138
20
2.985719
11
4.200000
21
0.000000
0
ENDSEC
0
EOF
