0
SECTION
2
HEADER
9
$DIMASZ
40
0.073694
9
$DIMEXO
40
0.014739
9
$DIMGAP
40
0.014739
9
$DIMTXT
40
0.073694
0
ENDSEC
0
SECTION
2
BLOCKS
0
BLOCK
5
426
8
0
2
_D1
70
0
10
0.000000
20
0.000000
30
0.000000
3
_D1
1

0
ENDBLK
5
426
8
0
0
ENDSEC
0
SECTION
2
ENTITIES
0
LINE
8
0
6
CONTINUOUS
10
-0.000000
20
1.803472
11
-0.000000
21
1.100202
0
ARC
8
0
6
CONTINUOUS
10
1.000000
20
1.803472
40
1.000000
50
152.333474
51
180.000000
0
ARC
8
0
6
CONTINUOUS
10
1.214315
20
1.691114
40
1.241982
50
43.448630
51
152.333474
0
ARC
8
0
6
CONTINUOUS
10
1.000000
20
1.100202
40
1.000000
50
180.000000
51
204.600304
0
ARC
8
0
6
CONTINUOUS
10
1.156080
20
1.171662
40
1.171661
50
204.600304
51
336.460086
0
ENDSEC
0
EOF
