0
SECTION
2
HEADER
9
$DIMASZ
40
0.163267
9
$DIMEXO
40
0.032653
9
$DIMGAP
40
0.032653
9
$DIMTXT
40
0.163267
0
ENDSEC
0
SECTION
2
BLOCKS
0
BLOCK
5
40d
8
0
2
_D1
70
0
10
0.000000
20
0.000000
30
0.000000
3
_D1
1

0
ENDBLK
5
40d
8
0
0
ENDSEC
0
SECTION
2
ENTITIES
0
LINE
8
0
6
CONTINUOUS
10
4.200000
20
5.040000
11
4.200000
21
1.960000
0
ARC
8
0
6
CONTINUOUS
10
2.114659
20
4.928612
40
2.088314
50
3.057535
51
82.700270
0
LINE
8
0
6
CONTINUOUS
10
0.100000
20
7.000000
11
2.380000
21
7.000000
0
ARC
8
0
6
CONTINUOUS
10
2.080733
20
2.102890
40
2.124079
50
278.099504
51
356.142713
0
LINE
8
0
6
CONTINUOUS
10
2.380000
20
0.000000
11
0.500000
21
-0.000000
0
ARC
8
0
6
CONTINUOUS
10
0.100000
20
6.900000
40
0.100000
50
90.000000
51
180.000000
0
LINE
8
0
6
CONTINUOUS
10
-0.000000
20
0.000000
11
0.000000
21
6.900000
0
ENDSEC
0
EOF
