0
SECTION
2
HEADER
9
$DIMASZ
40
0.097246
9
$DIMEXO
40
0.019449
9
$DIMGAP
40
0.019449
9
$DIMTXT
40
0.097246
0
ENDSEC
0
SECTION
2
BLOCKS
0
BLOCK
5
3f2
8
0
2
_D1
70
0
10
0.000000
20
0.000000
30
0.000000
3
_D1
1

0
ENDBLK
5
3f2
8
0
0
ENDSEC
0
SECTION
2
ENTITIES
0
LINE
8
0
6
CONTINUOUS
10
0.000000
20
0.000000
11
0.000000
21
2.029411
0
ARC
8
0
6
CONTINUOUS
10
0.970588
20
1.953806
40
0.973528
50
38.499814
51
175.545878
0
ARC
8
0
6
CONTINUOUS
10
1.341176
20
2.248583
40
0.500000
50
0.000000
51
38.499814
0
LINE
8
0
6
CONTINUOUS
10
1.841176
20
2.248583
11
1.841176
21
0.100000
0
ARC
8
0
6
CONTINUOUS
10
1.941176
20
0.100000
40
0.100000
50
180.000000
51
270.000000
0
ARC
8
0
6
CONTINUOUS
10
1.941176
20
0.100000
40
0.100000
50
270.000000
51
360.000000
0
LINE
8
0
6
CONTINUOUS
10
2.041176
20
0.100000
11
2.041176
21
2.248583
0
ARC
8
0
6
CONTINUOUS
10
2.541176
20
2.248583
40
0.500000
50
141.500186
51
180.000000
0
ARC
8
0
6
CONTINUOUS
10
2.911764
20
1.953806
40
0.973528
50
4.454122
51
141.500186
0
LINE
8
0
6
CONTINUOUS
10
3.882352
20
2.029411
11
3.882352
21
0.000000
0
ENDSEC
0
EOF
