0
SECTION
2
HEADER
9
$DIMASZ
40
0.161814
9
$DIMEXO
40
0.032363
9
$DIMGAP
40
0.032363
9
$DIMTXT
40
0.161814
0
ENDSEC
0
SECTION
2
BLOCKS
0
BLOCK
5
422
8
0
2
_D1
70
0
10
0.000000
20
0.000000
30
0.000000
3
_D1
1

0
ENDBLK
5
422
8
0
0
ENDSEC
0
SECTION
2
ENTITIES
0
LINE
8
0
6
CONTINUOUS
10
4.056980
20
6.736285
11
2.420952
21
3.719608
0
ARC
8
0
6
CONTINUOUS
10
3.300000
20
3.242876
40
1.000000
50
151.527782
51
180.000000
0
LINE
8
0
6
CONTINUOUS
10
2.300000
20
3.242876
11
2.300000
21
0.100000
0
ARC
8
0
6
CONTINUOUS
10
2.200000
20
0.100000
40
0.100000
50
-90.000000
51
0.000000
0
ARC
8
0
6
CONTINUOUS
10
2.200000
20
0.100000
40
0.100000
50
180.000000
51
270.000000
0
LINE
8
0
6
CONTINUOUS
10
2.100000
20
0.100000
11
2.100000
21
2.960874
0
ARC
8
0
6
CONTINUOUS
10
1.100000
20
2.960874
40
1.000000
50
0.000000
51
29.054604
0
LINE
8
0
6
CONTINUOUS
10
1.974157
20
3.446517
11
0.000000
21
7.000000
0
ENDSEC
0
EOF
