0
SECTION
2
HEADER
9
$DIMASZ
40
0.099844
9
$DIMEXO
40
0.019969
9
$DIMGAP
40
0.019969
9
$DIMTXT
40
0.099844
0
ENDSEC
0
SECTION
2
BLOCKS
0
BLOCK
5
3f0
8
0
2
_D1
70
0
10
0.000000
20
0.000000
30
0.000000
3
_D1
1

0
ENDBLK
5
3f0
8
0
0
ENDSEC
0
SECTION
2
ENTITIES
0
LINE
8
0
6
CONTINUOUS
10
0.000000
20
0.098553
11
0.000000
21
4.411766
0
ARC
8
0
6
CONTINUOUS
10
0.100000
20
0.098553
40
0.100000
50
180.000000
51
270.000000
0
ARC
8
0
6
CONTINUOUS
10
0.100000
20
0.098553
40
0.100000
50
-90.000000
51
0.000000
0
LINE
8
0
6
CONTINUOUS
10
0.200000
20
0.614434
11
0.200000
21
0.098553
0
ARC
8
0
6
CONTINUOUS
10
0.300000
20
0.614434
40
0.100000
50
70.127825
51
180.000000
0
LINE
8
0
6
CONTINUOUS
10
2.199594
20
0.034165
11
0.333992
21
0.708479
0
ARC
8
0
6
CONTINUOUS
10
2.233586
20
0.128211
40
0.100000
50
250.127825
51
340.127825
0
ARC
8
0
6
CONTINUOUS
10
2.233586
20
0.128211
40
0.100000
50
-19.872175
51
70.127825
0
LINE
8
0
6
CONTINUOUS
10
0.286499
20
0.938309
11
2.267578
21
0.222256
0
ARC
8
0
6
CONTINUOUS
10
0.320491
20
1.032354
40
0.100000
50
131.496477
51
250.127825
0
LINE
8
0
6
CONTINUOUS
10
1.694920
20
2.381707
11
0.254234
21
1.107254
0
ENDSEC
0
EOF
