0
SECTION
2
HEADER
9
$DIMASZ
40
0.100101
9
$DIMEXO
40
0.020020
9
$DIMGAP
40
0.020020
9
$DIMTXT
40
0.100101
0
ENDSEC
0
SECTION
2
BLOCKS
0
BLOCK
5
3f6
8
0
2
_D1
70
0
10
0.000000
20
0.000000
30
0.000000
3
_D1
1

0
ENDBLK
5
3f6
8
0
0
ENDSEC
0
SECTION
2
ENTITIES
0
LINE
8
0
6
CONTINUOUS
10
2.328708
20
1.943568
11
2.328708
21
-1.409373
0
ARC
8
0
6
CONTINUOUS
10
1.164354
20
1.853096
40
1.167864
50
4.443038
51
168.262595
0
ARC
8
0
6
CONTINUOUS
10
1.000000
20
1.887244
40
1.000000
50
168.262595
51
180.000000
0
LINE
8
0
6
CONTINUOUS
10
0.000000
20
1.098581
11
0.000000
21
1.887244
0
ARC
8
0
6
CONTINUOUS
10
1.000000
20
1.098581
40
1.000000
50
180.000000
51
208.088130
0
ARC
8
0
6
CONTINUOUS
10
1.164354
20
1.186294
40
1.186295
50
208.088130
51
318.135941
0
ENDSEC
0
EOF
