0
SECTION
2
HEADER
9
$DIMASZ
40
0.188395
9
$DIMEXO
40
0.037679
9
$DIMGAP
40
0.037679
9
$DIMTXT
40
0.188395
0
ENDSEC
0
SECTION
2
BLOCKS
0
BLOCK
5
420
8
0
2
_D1
70
0
10
0.000000
20
0.000000
30
0.000000
3
_D1
1

0
ENDBLK
5
420
8
0
0
ENDSEC
0
SECTION
2
ENTITIES
0
LINE
8
0
6
CONTINUOUS
10
0.000000
20
7.000000
11
1.582761
21
0.405163
0
ARC
8
0
6
CONTINUOUS
10
1.680000
20
0.428500
40
0.100000
50
193.495737
51
346.504260
0
LINE
8
0
6
CONTINUOUS
10
1.777239
20
0.405163
11
3.262761
21
6.594837
0
ARC
8
0
6
CONTINUOUS
10
3.360000
20
6.571500
40
0.100000
50
13.495740
51
166.504259
0
LINE
8
0
6
CONTINUOUS
10
3.457239
20
6.594837
11
4.942761
21
0.405163
0
ARC
8
0
6
CONTINUOUS
10
5.040000
20
0.428500
40
0.100000
50
193.495741
51
346.504264
0
LINE
8
0
6
CONTINUOUS
10
5.137239
20
0.405163
11
6.649988
21
6.708284
0
ENDSEC
0
EOF
