1 0 0 0 4.000000 6.000000 3.135656 7.000000 
1 0 0 0 3.135656 7.000000 1.000000 7.000000 
1 0 0 0 1.000000 7.000000 0.000000 6.000000 
1 0 0 0 0.000000 6.000000 0.000000 1.000000 
1 0 0 0 0.000000 1.000000 1.000000 0.000000 
1 0 0 0 1.000000 0.000000 4.000000 0.000000 
1 0 0 0 4.000000 4.000000 4.000000 6.000000 
1 0 0 0 2.500000 3.000000 4.000000 4.000000 
1 0 0 0 1.000000 4.000000 2.500000 3.000000 
1 0 0 0 1.000000 5.438502 1.000000 4.000000 
1 0 0 0 2.500000 5.438502 1.000000 5.438502 
1 0 0 0 2.500000 3.000000 2.500000 5.438502 
999 
