0
SECTION
2
HEADER
9
$DIMASZ
40
0.161881
9
$DIMEXO
40
0.032376
9
$DIMGAP
40
0.032376
9
$DIMTXT
40
0.161881
0
ENDSEC
0
SECTION
2
BLOCKS
0
BLOCK
5
40a
8
0
2
_D1
70
0
10
0.000000
20
0.000000
30
0.000000
3
_D1
1

0
ENDBLK
5
40a
8
0
0
ENDSEC
0
SECTION
2
ENTITIES
0
LINE
8
0
6
CONTINUOUS
10
0.000000
20
0.000000
11
2.144758
21
6.702367
0
ARC
8
0
6
CONTINUOUS
10
2.240000
20
6.671890
40
0.100000
50
17.744676
51
162.255327
0
LINE
8
0
6
CONTINUOUS
10
2.335242
20
6.702367
11
4.428646
21
0.160481
0
ARC
8
0
6
CONTINUOUS
10
4.333404
20
0.130004
40
0.100000
50
-72.255324
51
17.744676
0
ARC
8
0
6
CONTINUOUS
10
4.333404
20
0.130004
40
0.100000
50
197.744676
51
287.744676
0
LINE
8
0
6
CONTINUOUS
10
4.238162
20
0.099526
11
3.575457
21
2.170478
0
ARC
8
0
6
CONTINUOUS
10
3.480215
20
2.140000
40
0.100000
50
17.744676
51
90.000000
0
LINE
8
0
6
CONTINUOUS
10
3.480215
20
2.240000
11
1.116800
21
2.240000
0
ENDSEC
0
EOF
