0
SECTION
2
HEADER
9
$DIMASZ
40
0.091268
9
$DIMEXO
40
0.018254
9
$DIMGAP
40
0.018254
9
$DIMTXT
40
0.091268
0
ENDSEC
0
SECTION
2
BLOCKS
0
BLOCK
5
3eb
8
0
2
_D1
70
0
10
0.000000
20
0.000000
30
0.000000
3
_D1
1

0
ENDBLK
5
3eb
8
0
0
ENDSEC
0
SECTION
2
ENTITIES
0
ARC
8
0
6
CONTINUOUS
10
1.061707
20
3.797126
40
0.620538
50
93.170155
51
180.277737
0
LINE
8
0
6
CONTINUOUS
10
0.441176
20
3.011766
11
0.441176
21
3.794118
0
ARC
8
0
6
CONTINUOUS
10
0.341176
20
3.011766
40
0.100000
50
270.000000
51
360.000000
0
LINE
8
0
6
CONTINUOUS
10
0.000000
20
2.911766
11
0.341176
21
2.911766
0
ARC
8
0
6
CONTINUOUS
10
1.032921
20
4.316867
40
0.100000
50
-7.905730
51
93.170155
0
ARC
8
0
6
CONTINUOUS
10
1.032921
20
4.316867
40
0.100000
50
273.170155
51
352.094270
0
ARC
8
0
6
CONTINUOUS
10
1.061707
20
3.797126
40
0.420538
50
93.170155
51
180.277737
0
LINE
8
0
6
CONTINUOUS
10
0.641174
20
3.795087
11
0.641174
21
3.011766
0
ARC
8
0
6
CONTINUOUS
10
0.741174
20
3.011766
40
0.100000
50
180.000000
51
270.000000
0
LINE
8
0
6
CONTINUOUS
10
0.741174
20
2.911766
11
1.047058
21
2.911766
0
ARC
8
0
6
CONTINUOUS
10
1.047058
20
2.811766
40
0.100000
50
0.000000
51
90.000000
0
ARC
8
0
6
CONTINUOUS
10
1.047058
20
2.811766
40
0.100000
50
-90.000000
51
0.000000
0
LINE
8
0
6
CONTINUOUS
10
1.047058
20
2.711766
11
0.741175
21
2.711766
0
ARC
8
0
6
CONTINUOUS
10
0.741175
20
2.611766
40
0.100000
50
90.000000
51
180.000000
0
LINE
8
0
6
CONTINUOUS
10
0.641175
20
2.611766
11
0.641176
21
0.000000
0
ENDSEC
0
EOF
