0
SECTION
2
HEADER
9
$DIMASZ
40
0.160534
9
$DIMEXO
40
0.032107
9
$DIMGAP
40
0.032107
9
$DIMTXT
40
0.160534
0
ENDSEC
0
SECTION
2
BLOCKS
0
BLOCK
5
400
8
0
2
_D1
70
0
10
0.000000
20
0.000000
30
0.000000
3
_D1
1

0
ENDBLK
5
400
8
0
0
ENDSEC
0
SECTION
2
ENTITIES
0
LINE
8
0
6
CONTINUOUS
10
3.920000
20
4.789998
11
3.920000
21
1.959998
0
ARC
8
0
6
CONTINUOUS
10
1.960000
20
1.959991
40
1.960000
50
-178.517919
51
0.000217
0
ARC
8
0
6
CONTINUOUS
10
0.100622
20
1.911883
40
0.100000
50
128.157232
51
181.482081
0
LINE
8
0
6
CONTINUOUS
10
0.038840
20
1.990515
11
3.881261
21
5.009560
0
ARC
8
0
6
CONTINUOUS
10
3.819479
20
5.088192
40
0.100000
50
308.157232
51
361.361752
0
ARC
8
0
6
CONTINUOUS
10
1.959593
20
5.043980
40
1.960411
50
1.361752
51
178.344961
0
LINE
8
0
6
CONTINUOUS
10
0.000000
20
5.100600
11
0.000000
21
2.209998
0
ENDSEC
0
EOF
