1 0 0 0 0.000000 0.000000 3.500000 7.000000 
1 0 0 0 1.282913 6.203025 1.282913 6.500000 
1 0 0 0 0.500000 7.000000 0.782913 7.000000 
1 0 0 0 0.000000 6.500000 0.000000 6.203025 
1 0 0 0 0.500000 5.703025 0.782913 5.703025 
1 0 0 0 2.217087 0.796975 2.217087 0.500000 
1 0 0 0 3.000000 0.000000 2.717087 0.000000 
1 0 0 0 3.500000 0.796975 3.500000 0.500000 
1 0 0 0 2.717087 1.296975 3.000000 1.296975 
1 0 0 0 0.500000 7.000000 0.000000 6.500000 
1 0 0 0 0.500000 5.703025 0.000000 6.203025 
1 0 0 0 1.282913 6.203025 0.782913 5.703025 
1 0 0 0 0.782913 7.000000 1.282913 6.500000 
1 0 0 0 2.717087 1.296975 2.217087 0.796975 
1 0 0 0 3.500000 0.796975 3.000000 1.296975 
1 0 0 0 3.000000 0.000000 3.500000 0.500000 
1 0 0 0 2.217087 0.500000 2.717087 0.000000 
999 
