0
SECTION
2
HEADER
9
$DIMASZ
40
0.099803
9
$DIMEXO
40
0.019961
9
$DIMGAP
40
0.019961
9
$DIMTXT
40
0.099803
0
ENDSEC
0
SECTION
2
BLOCKS
0
BLOCK
5
3e9
8
0
2
_D1
70
0
10
0.000000
20
0.000000
30
0.000000
3
_D1
1

0
ENDBLK
5
3e9
8
0
0
ENDSEC
0
SECTION
2
ENTITIES
0
LINE
8
0
6
CONTINUOUS
10
0.000000
20
1.941176
11
-0.000000
21
1.082706
0
ARC
8
0
6
CONTINUOUS
10
1.155643
20
1.762100
40
1.169437
50
45.396169
51
171.191624
0
ARC
8
0
6
CONTINUOUS
10
1.000000
20
1.082706
40
1.000000
50
180.000000
51
203.277730
0
ARC
8
0
6
CONTINUOUS
10
1.155643
20
1.149665
40
1.169435
50
203.277730
51
324.812940
0
ARC
8
0
6
CONTINUOUS
10
1.294118
20
1.052028
40
1.000000
50
324.812940
51
360.000000
0
LINE
8
0
6
CONTINUOUS
10
2.294118
20
1.052028
11
2.294118
21
4.411765
0
ENDSEC
0
EOF
