0
SECTION
2
HEADER
9
$DIMASZ
40
0.162091
9
$DIMEXO
40
0.032418
9
$DIMGAP
40
0.032418
9
$DIMTXT
40
0.162091
0
ENDSEC
0
SECTION
2
BLOCKS
0
BLOCK
5
406
8
0
2
_D1
70
0
10
0.000000
20
0.000000
30
0.000000
3
_D1
1

0
ENDBLK
5
406
8
0
0
ENDSEC
0
SECTION
2
ENTITIES
0
ARC
8
0
6
CONTINUOUS
10
2.012928
20
5.018218
40
2.037243
50
29.843937
51
170.912634
0
ARC
8
0
6
CONTINUOUS
10
0.100000
20
5.324187
40
0.100000
50
170.912634
51
180.000000
0
LINE
8
0
6
CONTINUOUS
10
-0.000000
20
5.324187
11
0.000000
21
1.502879
0
ARC
8
0
6
CONTINUOUS
10
1.500000
20
1.502879
40
1.500000
50
180.000000
51
270.000000
0
LINE
8
0
6
CONTINUOUS
10
1.500000
20
0.002879
11
2.493109
21
0.002879
0
ARC
8
0
6
CONTINUOUS
10
2.493109
20
1.502879
40
1.500000
50
270.000000
51
360.000000
0
LINE
8
0
6
CONTINUOUS
10
3.993109
20
1.502879
11
3.993109
21
2.103107
0
ARC
8
0
6
CONTINUOUS
10
1.890000
20
2.103109
40
2.103109
50
0.000000
51
142.836238
0
ENDSEC
0
EOF
