0
SECTION
2
HEADER
9
$DIMASZ
40
0.076188
9
$DIMEXO
40
0.015238
9
$DIMGAP
40
0.015238
9
$DIMTXT
40
0.076188
0
ENDSEC
0
SECTION
2
BLOCKS
0
BLOCK
5
3f8
8
0
2
_D1
70
0
10
0.000000
20
0.000000
30
0.000000
3
_D1
1

0
ENDBLK
5
3f8
8
0
0
ENDSEC
0
SECTION
2
ENTITIES
0
LINE
8
0
6
CONTINUOUS
10
0.287693
20
1.869706
11
2.140634
21
1.075588
0
ARC
8
0
6
CONTINUOUS
10
1.929295
20
0.647101
40
0.477771
50
-70.621863
51
63.746494
0
ARC
8
0
6
CONTINUOUS
10
1.929295
20
0.647101
40
0.477771
50
289.378137
51
423.746494
0
ARC
8
0
6
CONTINUOUS
10
0.427526
20
2.273717
40
0.427526
50
135.082540
51
250.908656
0
ARC
8
0
6
CONTINUOUS
10
1.220945
20
1.170458
40
1.782122
50
55.256780
51
127.958277
0
ARC
8
0
6
CONTINUOUS
10
1.312639
20
1.628027
40
1.628027
50
224.651232
51
298.434085
0
ENDSEC
0
EOF
