0
SECTION
2
HEADER
9
$DIMASZ
40
0.111143
9
$DIMEXO
40
0.022229
9
$DIMGAP
40
0.022229
9
$DIMTXT
40
0.111143
0
ENDSEC
0
SECTION
2
BLOCKS
0
BLOCK
5
3ec
8
0
2
_D1
70
0
10
0.000000
20
0.000000
30
0.000000
3
_D1
1

0
ENDBLK
5
3ec
8
0
0
ENDSEC
0
SECTION
2
ENTITIES
0
LINE
8
0
6
CONTINUOUS
10
0.000000
20
1.943568
11
-0.000000
21
1.098581
0
ARC
8
0
6
CONTINUOUS
10
1.164354
20
1.853096
40
1.167864
50
28.487361
51
175.556961
0
ARC
8
0
6
CONTINUOUS
10
2.278708
20
2.457823
40
0.100000
50
-151.512639
51
0.000000
0
LINE
8
0
6
CONTINUOUS
10
2.378708
20
3.002392
11
2.378708
21
2.457823
0
ARC
8
0
6
CONTINUOUS
10
1.000000
20
1.098581
40
1.000000
50
180.000000
51
208.088174
0
ARC
8
0
6
CONTINUOUS
10
1.164354
20
1.186294
40
1.186295
50
208.088174
51
329.033801
0
ARC
8
0
6
CONTINUOUS
10
2.267315
20
0.524454
40
0.100000
50
-1.819742
51
149.033801
0
LINE
8
0
6
CONTINUOUS
10
2.367264
20
0.521278
11
2.328708
21
-0.588235
0
ARC
8
0
6
CONTINUOUS
10
0.978033
20
-0.649325
40
1.352056
50
-136.333199
51
2.589680
0
ENDSEC
0
EOF
