0
SECTION
2
HEADER
9
$DIMASZ
40
0.163087
9
$DIMEXO
40
0.032617
9
$DIMGAP
40
0.032617
9
$DIMTXT
40
0.163087
0
ENDSEC
0
SECTION
2
BLOCKS
0
BLOCK
5
41b
8
0
2
_D1
70
0
10
0.000000
20
0.000000
30
0.000000
3
_D1
1

0
ENDBLK
5
41b
8
0
0
ENDSEC
0
SECTION
2
ENTITIES
0
LINE
8
0
6
CONTINUOUS
10
1.020724
20
3.500000
11
2.380000
21
3.500000
0
ARC
8
0
6
CONTINUOUS
10
2.425627
20
5.256325
40
1.756918
50
268.511866
51
442.960716
0
LINE
8
0
6
CONTINUOUS
10
2.640933
20
7.000000
11
0.100000
21
7.000000
0
ARC
8
0
6
CONTINUOUS
10
0.100000
20
6.900000
40
0.100000
50
90.000000
51
180.000000
0
LINE
8
0
6
CONTINUOUS
10
0.000000
20
6.900000
11
0.000000
21
0.000000
0
ARC
8
0
6
CONTINUOUS
10
1.020724
20
3.400000
40
0.100000
50
90.000000
51
180.000000
0
ARC
8
0
6
CONTINUOUS
10
1.020724
20
3.400000
40
0.100000
50
180.000000
51
270.000000
0
LINE
8
0
6
CONTINUOUS
10
2.423288
20
3.300000
11
1.020724
21
3.300000
0
ARC
8
0
6
CONTINUOUS
10
2.423288
20
3.200000
40
0.100000
50
27.474434
51
90.000000
0
LINE
8
0
6
CONTINUOUS
10
4.153865
20
0.088722
11
2.512010
21
3.246135
0
ENDSEC
0
EOF
