0
SECTION
2
HEADER
9
$DIMASZ
40
0.091219
9
$DIMEXO
40
0.018244
9
$DIMGAP
40
0.018244
9
$DIMTXT
40
0.091219
0
ENDSEC
0
SECTION
2
BLOCKS
0
BLOCK
5
3f9
8
0
2
_D1
70
0
10
0.000000
20
0.000000
30
0.000000
3
_D1
1

0
ENDBLK
5
3f9
8
0
0
ENDSEC
0
SECTION
2
ENTITIES
0
LINE
8
0
6
CONTINUOUS
10
0.000000
20
2.911765
11
0.429412
21
2.911765
0
ARC
8
0
6
CONTINUOUS
10
0.429412
20
3.011765
40
0.100000
50
270.000000
51
360.000000
0
LINE
8
0
6
CONTINUOUS
10
0.529412
20
3.011765
11
0.529412
21
4.311765
0
ARC
8
0
6
CONTINUOUS
10
0.629412
20
4.311765
40
0.100000
50
90.000000
51
180.000000
0
ARC
8
0
6
CONTINUOUS
10
0.629412
20
4.311765
40
0.100000
50
0.000000
51
90.000000
0
LINE
8
0
6
CONTINUOUS
10
0.729412
20
4.311765
11
0.729412
21
3.011765
0
ARC
8
0
6
CONTINUOUS
10
0.829412
20
3.011765
40
0.100000
50
180.000000
51
270.000000
0
LINE
8
0
6
CONTINUOUS
10
0.829412
20
2.911765
11
1.047059
21
2.911765
0
ARC
8
0
6
CONTINUOUS
10
1.047059
20
2.811765
40
0.100000
50
0.000000
51
90.000000
0
ARC
8
0
6
CONTINUOUS
10
1.047059
20
2.811765
40
0.100000
50
-90.000000
51
0.000000
0
LINE
8
0
6
CONTINUOUS
10
1.047059
20
2.711765
11
0.629412
21
2.711765
0
ARC
8
0
6
CONTINUOUS
10
0.629412
20
2.611765
40
0.100000
50
90.000000
51
180.000000
0
LINE
8
0
6
CONTINUOUS
10
0.529412
20
2.611765
11
0.529412
21
0.529412
0
ARC
8
0
6
CONTINUOUS
10
1.093233
20
0.562203
40
0.564774
50
183.328489
51
275.468899
0
ENDSEC
0
EOF
