1 0 0 0 1.000000 4.000000 0.000000 3.000000 
1 0 0 0 0.000000 3.000000 0.000000 1.000000 
1 0 0 0 0.000000 1.000000 1.000000 0.000000 
1 0 0 0 1.000000 0.000000 4.000000 0.000000 
1 0 0 0 4.000000 0.000000 5.000000 1.000000 
1 0 0 0 5.000000 1.000000 5.000000 3.000000 
1 0 0 0 5.000000 3.000000 4.000000 4.000000 
1 0 0 0 4.000000 4.000000 1.000000 4.000000 
1 0 0 0 4.000000 3.000000 1.000000 3.000000 
1 0 0 0 1.000000 3.000000 1.000000 1.000000 
1 0 0 0 4.000000 3.000000 4.000000 1.989050 
1 0 0 0 4.000000 1.989050 1.000000 1.989050 
1 0 0 0 4.000000 1.000000 2.183083 1.989050 
999 
