0
SECTION
2
HEADER
9
$DIMASZ
40
0.100278
9
$DIMEXO
40
0.020056
9
$DIMGAP
40
0.020056
9
$DIMTXT
40
0.100278
0
ENDSEC
0
SECTION
2
BLOCKS
0
BLOCK
5
3ed
8
0
2
_D1
70
0
10
0.000000
20
0.000000
30
0.000000
3
_D1
1

0
ENDBLK
5
3ed
8
0
0
ENDSEC
0
SECTION
2
ENTITIES
0
LINE
8
0
6
CONTINUOUS
10
0.000000
20
0.100000
11
0.000000
21
4.411765
0
ARC
8
0
6
CONTINUOUS
10
0.100000
20
0.100000
40
0.100000
50
180.000000
51
270.000000
0
ARC
8
0
6
CONTINUOUS
10
0.100000
20
0.100000
40
0.100000
50
-90.000000
51
0.000000
0
LINE
8
0
6
CONTINUOUS
10
0.200000
20
1.897673
11
0.200000
21
0.100000
0
ARC
8
0
6
CONTINUOUS
10
1.258391
20
1.759569
40
1.067363
50
84.267642
51
172.565790
0
ARC
8
0
6
CONTINUOUS
10
1.234069
20
1.642299
40
1.186543
50
37.353773
51
83.664666
0
ARC
8
0
6
CONTINUOUS
10
1.382353
20
1.755481
40
1.000000
50
0.000000
51
37.353773
0
LINE
8
0
6
CONTINUOUS
10
2.382353
20
0.000000
11
2.382353
21
1.755481
0
ENDSEC
0
EOF
