0
SECTION
2
HEADER
9
$DIMASZ
40
0.102402
9
$DIMEXO
40
0.020480
9
$DIMGAP
40
0.020480
9
$DIMTXT
40
0.102402
0
ENDSEC
0
SECTION
2
BLOCKS
0
BLOCK
5
3fe
8
0
2
_D1
70
0
10
0.000000
20
0.000000
30
0.000000
3
_D1
1

0
ENDBLK
5
3fe
8
0
0
ENDSEC
0
SECTION
2
ENTITIES
0
ARC
8
0
6
CONTINUOUS
10
0.081612
20
-0.799842
40
0.792606
50
264.089969
51
334.019193
0
LINE
8
0
6
CONTINUOUS
10
0.794118
20
-1.147059
11
2.345913
21
2.818641
0
ARC
8
0
6
CONTINUOUS
10
2.252789
20
2.855081
40
0.100000
50
338.629384
51
428.629384
0
ARC
8
0
6
CONTINUOUS
10
2.252789
20
2.855081
40
0.100000
50
68.629384
51
158.629384
0
LINE
8
0
6
CONTINUOUS
10
2.159665
20
2.891521
11
1.216950
21
0.482359
0
ARC
8
0
6
CONTINUOUS
10
1.123825
20
0.518799
40
0.100000
50
202.988733
51
338.629384
0
LINE
8
0
6
CONTINUOUS
10
1.031767
20
0.479744
11
0.000000
21
2.911765
0
ENDSEC
0
EOF
