0
SECTION
2
HEADER
9
$DIMASZ
40
0.163267
9
$DIMEXO
40
0.032653
9
$DIMGAP
40
0.032653
9
$DIMTXT
40
0.163267
0
ENDSEC
0
SECTION
2
BLOCKS
0
BLOCK
5
40f
8
0
2
_D1
70
0
10
0.000000
20
0.000000
30
0.000000
3
_D1
1

0
ENDBLK
5
40f
8
0
0
ENDSEC
0
SECTION
2
ENTITIES
0
LINE
8
0
6
CONTINUOUS
10
0.100000
20
7.000000
11
4.200000
21
7.000000
0
ARC
8
0
6
CONTINUOUS
10
0.100000
20
6.900000
40
0.100000
50
90.000000
51
180.000000
0
LINE
8
0
6
CONTINUOUS
10
0.000000
20
3.940000
11
0.000000
21
6.900000
0
ARC
8
0
6
CONTINUOUS
10
0.100000
20
3.940000
40
0.100000
50
180.000000
51
270.000000
0
LINE
8
0
6
CONTINUOUS
10
2.548010
20
3.840000
11
0.100000
21
3.840000
0
ARC
8
0
6
CONTINUOUS
10
2.548010
20
3.740000
40
0.100000
50
0.000000
51
90.000000
0
ARC
8
0
6
CONTINUOUS
10
2.548010
20
3.740000
40
0.100000
50
270.000000
51
360.000000
0
LINE
8
0
6
CONTINUOUS
10
0.100000
20
3.640000
11
2.548010
21
3.640000
0
ARC
8
0
6
CONTINUOUS
10
0.100000
20
3.540000
40
0.100000
50
90.000000
51
180.000000
0
LINE
8
0
6
CONTINUOUS
10
0.000000
20
0.000000
11
0.000000
21
3.540000
0
ENDSEC
0
EOF
