0
SECTION
2
HEADER
9
$DIMASZ
40
0.163530
9
$DIMEXO
40
0.032706
9
$DIMGAP
40
0.032706
9
$DIMTXT
40
0.163530
0
ENDSEC
0
SECTION
2
BLOCKS
0
BLOCK
5
40b
8
0
2
_D1
70
0
10
0.000000
20
0.000000
30
0.000000
3
_D1
1

0
ENDBLK
5
40b
8
0
0
ENDSEC
0
SECTION
2
ENTITIES
0
ARC
8
0
6
CONTINUOUS
10
1.711270
20
5.194952
40
1.822104
50
313.639661
51
442.154230
0
LINE
8
0
6
CONTINUOUS
10
1.960000
20
7.000000
11
0.100000
21
7.000000
0
ARC
8
0
6
CONTINUOUS
10
2.278621
20
4.600000
40
1.000000
50
270.000000
51
313.639661
0
ARC
8
0
6
CONTINUOUS
10
0.100000
20
6.900000
40
0.100000
50
90.000000
51
180.000000
0
LINE
8
0
6
CONTINUOUS
10
0.000000
20
6.900000
11
-0.000000
21
0.000000
0
LINE
8
0
6
CONTINUOUS
10
0.919487
20
3.600000
11
2.278621
21
3.600000
0
ARC
8
0
6
CONTINUOUS
10
0.919487
20
3.550000
40
0.050000
50
90.000000
51
270.000000
0
LINE
8
0
6
CONTINUOUS
10
2.645968
20
3.500000
11
0.919487
21
3.500000
0
ARC
8
0
6
CONTINUOUS
10
2.645968
20
2.500000
40
1.000000
50
76.178362
51
90.000000
0
ARC
8
0
6
CONTINUOUS
10
2.464053
20
1.760580
40
1.761469
50
271.820110
51
436.178362
0
LINE
8
0
6
CONTINUOUS
10
0.400000
20
0.000000
11
2.520000
21
0.000000
0
ENDSEC
0
EOF
