0
SECTION
2
HEADER
9
$DIMASZ
40
0.162197
9
$DIMEXO
40
0.032439
9
$DIMGAP
40
0.032439
9
$DIMTXT
40
0.162197
0
ENDSEC
0
SECTION
2
BLOCKS
0
BLOCK
5
416
8
0
2
_D1
70
0
10
0.000000
20
0.000000
30
0.000000
3
_D1
1

0
ENDBLK
5
416
8
0
0
ENDSEC
0
SECTION
2
ENTITIES
0
LINE
8
0
6
CONTINUOUS
10
0.000000
20
0.000000
11
0.000000
21
6.540727
0
ARC
8
0
6
CONTINUOUS
10
0.100000
20
6.540727
40
0.100000
50
24.567173
51
180.000000
0
LINE
8
0
6
CONTINUOUS
10
0.190947
20
6.582303
11
2.151794
21
2.292951
0
ARC
8
0
6
CONTINUOUS
10
2.242741
20
2.334527
40
0.100000
50
204.567173
51
334.093487
0
LINE
8
0
6
CONTINUOUS
10
2.332692
20
2.290837
11
4.430049
21
6.608924
0
ARC
8
0
6
CONTINUOUS
10
4.520000
20
6.565233
40
0.100000
50
0.000000
51
154.093487
0
LINE
8
0
6
CONTINUOUS
10
4.620000
20
6.565233
11
4.620000
21
0.000000
0
ENDSEC
0
EOF
