1 0 0 0 0.000000 4.829203 0.000000 6.500000 
1 0 0 0 0.000000 6.500000 0.500000 7.000000 
1 0 0 0 0.500000 7.000000 1.298611 7.000000 
1 0 0 0 1.298611 7.000000 1.798611 6.500000 
1 0 0 0 1.798611 6.500000 1.798611 4.829203 
1 0 0 0 1.798611 4.829203 0.000000 1.961848 
1 0 0 0 0.000000 1.961848 0.000000 0.500000 
1 0 0 0 0.000000 0.500000 0.500000 0.000000 
1 0 0 0 0.000000 4.829203 5.000000 0.000000 
1 0 0 0 0.500000 0.000000 2.500000 0.000000 
1 0 0 0 2.500000 0.000000 4.061237 2.483585 
999 
