0
SECTION
2
HEADER
9
$DIMASZ
40
0.164987
9
$DIMEXO
40
0.032997
9
$DIMGAP
40
0.032997
9
$DIMTXT
40
0.164987
0
ENDSEC
0
SECTION
2
BLOCKS
0
BLOCK
5
41a
8
0
2
_D1
70
0
10
0.000000
20
0.000000
30
0.000000
3
_D1
1

0
ENDBLK
5
41a
8
0
0
ENDSEC
0
SECTION
2
ENTITIES
0
LINE
8
0
6
CONTINUOUS
10
4.200000
20
5.047717
11
4.200000
21
1.967717
0
ARC
8
0
6
CONTINUOUS
10
2.100000
20
4.910987
40
2.104447
50
3.725243
51
176.274757
0
LINE
8
0
6
CONTINUOUS
10
0.000000
20
1.967717
11
0.000000
21
5.047717
0
ARC
8
0
6
CONTINUOUS
10
2.100000
20
2.104446
40
2.104446
50
329.591610
51
356.274784
0
ARC
8
0
6
CONTINUOUS
10
2.100000
20
2.104446
40
2.104446
50
183.725216
51
311.999823
0
ARC
8
0
6
CONTINUOUS
10
3.828714
20
1.089875
40
0.100000
50
219.805571
51
329.591610
0
LINE
8
0
6
CONTINUOUS
10
3.751892
20
1.025857
11
3.157663
21
1.738932
0
ARC
8
0
6
CONTINUOUS
10
3.080841
20
1.674913
40
0.100000
50
39.805571
51
129.805571
0
ARC
8
0
6
CONTINUOUS
10
3.080841
20
1.674913
40
0.100000
50
129.805571
51
219.805571
0
LINE
8
0
6
CONTINUOUS
10
3.004018
20
1.610895
11
4.340000
21
0.007717
0
ENDSEC
0
EOF
