0
SECTION
2
HEADER
9
$DIMASZ
40
0.079974
9
$DIMEXO
40
0.015995
9
$DIMGAP
40
0.015995
9
$DIMTXT
40
0.079974
0
ENDSEC
0
SECTION
2
BLOCKS
0
BLOCK
5
424
8
0
2
_D1
70
0
10
0.000000
20
0.000000
30
0.000000
3
_D1
1

0
ENDBLK
5
424
8
0
0
ENDSEC
0
SECTION
2
ENTITIES
0
ARC
8
0
6
CONTINUOUS
10
1.155261
20
1.821791
40
1.203144
50
6.575220
51
139.843900
0
LINE
8
0
6
CONTINUOUS
10
2.350491
20
0.283090
11
2.350491
21
1.959560
0
ARC
8
0
6
CONTINUOUS
10
2.613800
20
0.281692
40
0.263313
50
179.695800
51
270.304201
0
ARC
8
0
6
CONTINUOUS
10
1.000000
20
1.952793
40
1.000000
50
139.843900
51
180.000000
0
LINE
8
0
6
CONTINUOUS
10
-0.000000
20
1.952793
11
-0.000000
21
1.081620
0
ARC
8
0
6
CONTINUOUS
10
1.000000
20
1.081620
40
1.000000
50
180.000000
51
217.433307
0
ARC
8
0
6
CONTINUOUS
10
1.165268
20
1.208129
40
1.208130
50
217.433307
51
324.081427
0
ENDSEC
0
EOF
