0
SECTION
2
HEADER
9
$DIMASZ
40
0.076092
9
$DIMEXO
40
0.015218
9
$DIMGAP
40
0.015218
9
$DIMTXT
40
0.076092
0
ENDSEC
0
SECTION
2
BLOCKS
0
BLOCK
5
3ea
8
0
2
_D1
70
0
10
0.000000
20
0.000000
30
0.000000
3
_D1
1

0
ENDBLK
5
3ea
8
0
0
ENDSEC
0
SECTION
2
ENTITIES
0
LINE
8
0
6
CONTINUOUS
10
0.450000
20
1.524353
11
2.298865
21
1.524353
0
ARC
8
0
6
CONTINUOUS
10
2.298865
20
1.624353
40
0.100000
50
270.000000
51
354.281610
0
ARC
8
0
6
CONTINUOUS
10
1.191177
20
1.735274
40
1.213227
50
354.281610
51
513.713277
0
ARC
8
0
6
CONTINUOUS
10
1.000000
20
1.829704
40
1.000000
50
153.713277
51
180.000000
0
LINE
8
0
6
CONTINUOUS
10
-0.000000
20
1.829704
11
-0.000000
21
1.123983
0
ARC
8
0
6
CONTINUOUS
10
1.000000
20
1.123983
40
1.000000
50
180.000000
51
217.510588
0
ARC
8
0
6
CONTINUOUS
10
1.251474
20
1.317020
40
1.317021
50
217.510588
51
320.466292
0
ENDSEC
0
EOF
