1 0 0 0 1.000000 3.000000 4.000000 3.000000 
1 0 0 0 4.000000 3.000000 5.000000 2.000000 
1 0 0 0 5.000000 2.000000 5.000000 0.000000 
1 0 0 0 5.000000 0.000000 1.000000 0.000000 
1 0 0 0 1.000000 0.000000 0.000000 1.000000 
1 0 0 0 0.000000 1.000000 0.000000 1.500000 
1 0 0 0 0.000000 1.500000 5.000000 1.500000 
1 0 0 0 1.000000 3.196000 2.197992 4.000000 
1 0 0 0 2.197992 4.000000 2.500000 4.000000 
1 0 0 0 2.500000 4.000000 2.500000 3.196000 
1 0 0 0 2.500000 3.196000 2.802008 3.196000 
1 0 0 0 2.802008 3.196000 4.000000 4.000000 
999 
